[42066.774724] [Project1] 21715 1588182273.461966428 1588182274.554882122
[42071.931284] [Project1] 21716 1588182278.873861117 1588182279.711451006
[42084.101261] [Project1] 21718 1588182291.067984843 1588182291.881455157
[42094.100812] [Project1] 21721 1588182301.069325701 1588182301.881019823
[42106.593242] [Project1] 21722 1588182313.528447516 1588182314.373481137
[42117.092022] [Project1] 21723 1588182324.053240937 1588182324.872283002
[42125.261857] [Project1] 21728 1588182332.241876691 1588182333.042128189
[42133.062747] [Project1] 21729 1588182340.000496217 1588182340.843041674
[42141.759038] [Project1] 21730 1588182348.708566493 1588182349.539354455
[42151.941470] [Project1] 21731 1588182358.890307523 1588182359.721761139
